 17        -1          -1       18             8         21     21    21   21     21      21     21     5     9      10      1        3     4     21   2  21     21  21      21                                       
-1         -1         -1       -1            -1        -1      -1   -1   -1    -1      -1      -1    -1     -1     -1      21       -1    -1    -1  -1    -1      -1 -1    -1
-1         -1         -1       -1            -1        -1      -1   -1   -1    -1      -1      -1    -1     -1     -1      -1       -1    -1    -1  21    -1     -1 -1    -1
-1         -1         -1       -1            -1        -1      -1   -1   -1    -1      -1      -1    21     -1     -1      21       -1    -1    -1  -1    -1    -1  -1     -1
20        20           20       20           20         20     20    20    20   20       20     20    21     20      20     20       20    21    20  20  20       20 20   20
20        20           20       20           20         20     20    20    20   20       21     21    21     21      20     20       20    20    20  20  20       20 20 20
20        20           20       20           20         20     20    20    20   20       21     21    20     20      20     20       20     20    20  20  20   20 20 20
20        20           20       20           20         20     20    20    20   20       20     21    20     20      20     20       20     20    20  20  20  20 20 20
20        11           12       20           8          20     20    20    20   20       20     20    20     20      20     20       20     20    20  20  20  20 20 20
20        20           20       20           8          20     20    20    20   20       20     20    20      21      20     20       20     20    20  20  20 20 20 20
20        20           20       20          8          20     20    20    20   20       20     20    20     20      21     20       20     20    20  20   20  20 20 20
-1         -1         -1       -1            13        -1      -1   -1   -1    -1      -1      -1    -1     13       13     -1       -1    -1    -1  -1   -1  -1 -1 -1
-1         -1         -1       -1            16        -1      -1   -1   -1    -1      -1      -1    -1     -1       -1     -1       -1    -1    -1  -1   -1  -1 -1 -1
20        20           14       20           13         20     20    20   20   20       20     20    20     20      21     20       20     20    20  20   20  20 20 20
-1         -1         -1       -1            15        -1      -1   -1   -1    -1      -1      -1    -1     -1       -1     -1       -1    -1    -1  -1   -1  -1 -1 -1
20        20           20       20           15         20     20    20   20   20       20     20    20     20      21     20       20     20    20  20   20   20 20 20
20        11           20       20           15        20     20    20    20   20       20     20    20     20      21     20       20     20    20  20   20  20 20  20
19         -1         -1       17            19        -1      -1   -1   -1    -1      -1      -1    -1     -1     -1      21       -1    -1    -1  -1    -1  -1 -1  -1
19       20           20       18           19         20     20    20    20   20       20     20    20     20      21     20       20     20    20  20   20   20 20  20
20        20           20       17          20          20     20    20    20   20       20     20    20     20      21     20       20     20    20  20   20  20 20  20