-2 -2  -2       1      1      -2    -2   -2    -2    -2  -2    -2    -2  -2    -2    -2    -2    -2    -2    -2    -2   -2   -2    -2   -2   -2     -2   -1                                                                                                
-2    -2    -1       2      2      -2    -2   -2    -2    -2  -2    -2    -2         -2    -2    -2    -2    -2    -2    -2    -2   -2   -2    -2   -2   -2     -2   -1
-2    -2    4      -2     -2      -2     3   -2    -2    -2  -2    -2    -2         -2    -2    -2    -2    -2    -2    -2    -2   -2   -2    -2   -2   -2     -2   4
-2    -2    -2       5      5      -2    -2   -2    -2    -2  -2    -2    -2         -2    -2    -2    -2    -2    -2    -2    -2   -2   -2    -2   -2   -2      -2  -1
-1    -1    -2       6      6      -2    -2   -2    -2    -2  -2    -1    -1         -1    -1    -1    -2    -2    -2    -2    -2   -2   -1    -1   -2   -1      -2  -1
-1    -2    -2       7      8      -2    -2   -2    -2    -2  -2    -2    -2         -2    -2    -2    -2    -2    -2    -2    -2   -2   -2    -2   -2   -2      -2   -2
11    -1    -2      14     14      15    -2   -2    -2    -2  -2    12    10         -1    13    -1    -2    -2    -2    -2    -2   -2   11    -2   -2    9      -2   -2
16    16    -2      -2     -2      17    -2   -2    -2    -2  17    -2    -2         -2    -2    -2    -2    -2    -2    -2    -2   -2   16    -2   -2   -2      -2   -2
-1    -1    -2      -1     -1      -2    -2   -2    -2    -2  -2    -1    18         -1    -1    -1    -2    -2    -2    -2    -2   -2   -1    -2   -2   -1      -2   -2
-1    -1    -2      -1     -1      -2    -2   -2    -2    -2  -2    19    -1         -1    -1    -1    -2    -2    -2    -2    -2   -2   -1    -2   -2   -1      -2  -2
21    21    -2      21     21      -2    -2   -2    -2    -2  -2    21    21         20    21    21    -2    -2    -2    -2    -2   -2   21    -2   -2   21      -2  -2
-1    -2    -2      -1     -1      -2    -2   -2    -2    -2  -2    -1    -1         -1    22    -1    -2    -2    -2    -2    -2   -2   -1    -2   -2   -1      -2  -2
23    23    -2      23     23      23    -2   -2    -2    -2  -2    23    23         23    23    23    -2    -2    -2    -2    -2   -2   23    -2   -2   23      -2   -2
24    24    -2      24     24      24    -2   -2    -2    -2  -2    24    24         24    24    24    -2    -2    -2    -2    -2   -2   24    -2   -2   24      -2   -2
26    27    -1      -2     -2      -1    -2    -2    -2   -2  -1    -2    -2         -2    -2    -2    -2    -2    -2    -2    -2   -2   27    -2   -2   -2      -2   -2
28    28    -1      -2     -2      -1    -2   -2    -2    -2  -1    -2    -2         -2    -2    -2    -2    -2    -2    -2    -2   -2   28    -2   -2   -2      -2  -2
-2    -2    30      -2     -2      30    -2   29    29    29  29    -2    -2         -2    -2    -2    -2    -2    -2    -2    -2   -2   -2    29   29   -2      29  -2
31    31    -2      -2     -2      -1    -2   -1    -1    -1  -1    -2    -2         -2    -2    -2    -2    -2    -2    -2    -2   -2   31    -1   -1   -2      -1  -2
-2    -2    34      -2     -2      34    -2   34    34    34  34    -2    -2         -2    -2    -2    -2    -2    32    -2    33   -2   -2    34   34   -2      34  -2
35    35    -2      -2     -2      -1    -2   -1    -1    -1  -1    -2    -2         -2    -2    -2    -2    -2    -1    -2    -1   -2   35    -1   -1   -2      -1  -2
-2    -2    38      -2     -2      38    -2   36    36    36  38    -2    -2         -2    -2    -2    -2    -2    38    36    38   37   -2    38   38   -2      38  -2
40    39    -1      -2     -2      -1    -1   -1    -1    -1  -1    -2    -2         -2    -2    -2    -2    -2    -1    -1    -1   -1   41    -1   -1   -2      -1  -2
-1    -1    -2      -1     -1      -2    -2   -2    -2    -2  -2    -1    -1         -1    -2    -2    -2    -2    -2    -2    -2   -2   -1    -2   -2   42      -2   -2
-1    -1    -2      -2     -2      -2    -2   44    49    46  45    -2    -2         -2    -2    -2    -2    -2    -2    -2    -2   -2   -1    43   48   -2      47   -2
50    -2    -2      -2     -2      -1    -2   -2    -2    -2  -2    -2    -2         -2    -2    -2    -2    -2    -2    -2    -2   -2   -2    -2   -2   -2      -2   -2
51    -2    -2      -2     -2      52    -2   -2    -2    -2  -2    -2    -2         -2    -2    -2    -2    -2    -2    -2    -2   -2   -2    -2   -2   -2       -2  -2